gasp_dl =

   0.013847   0.011650   0.012719   0.020493   0.031326   0.040802   0.066713   0.104397   0.165586

ass_dl =

   0.011593   0.015471   0.012224   0.015782   0.035469   0.043631   0.073826   0.104870   0.167784

scs_dl =

   0.011058   0.013490   0.014483   0.013170   0.019574   0.032597   0.050582   0.067374   0.113871

gasp_ul =

   0.018020   0.021248   0.022513   0.037543   0.051451   0.083153   0.126082   0.213160   0.337196

ass_ul =

   0.018571   0.025901   0.039606   0.055380   0.090440   0.139470   0.230957   0.395571   0.667880

scs_ul =

   0.018495   0.029359   0.037127   0.058357   0.097490   0.158731   0.256486   0.428854   0.717290

gasp_dec =

   0.063046   0.079336   0.098908   0.139583   0.219483   0.321080   0.532507   0.907175   1.722646

ass_dec =

   0.064960   0.080804   0.101834   0.139884   0.219403   0.322607   0.522151   0.901845   1.716960

scs_dec =

   0.082296   0.091107   0.104429   0.123418   0.163439   0.217669   0.319785   0.511575   0.879320

gasp_comp =

   1.8299e-04   1.8570e-04   5.9253e-04   9.5016e-04   1.6345e-03   3.7967e-03   7.6745e-03   1.6903e-02   3.6614e-02

ass_comp =

   1.2579e-04   2.3461e-04   4.5894e-04   9.5771e-04   1.8569e-03   3.5793e-03   7.3184e-03   1.7036e-02   3.6716e-02

scs_comp =

   7.9744e-04   9.0663e-04   2.4922e-03   3.4061e-03   7.3306e-03   1.6069e-02   3.3462e-02   7.0162e-02   1.5321e-01

res_gasp =

   0.095096   0.112420   0.134734   0.198570   0.303895   0.448832   0.732977   1.241635   2.262043

res_ass =

   0.095249   0.122411   0.154123   0.212004   0.347170   0.509287   0.834252   1.419321   2.589339

res_scs =

   0.11265   0.13486   0.15853   0.19835   0.28783   0.42507   0.66031   1.07797   1.86369